2282088, 766399
-1847200, 1193678
-1453974, -3776255
4183153, -2454426
1186930, 3734620
-6589355, -1994238
1564958, -13715570
18978165, -6014317
15768409, 15768409
-6014321, 18978161
-13715573, 1564953
-1994241, -6589359
3734617, 1186926
-2454429, 4183150
-3776258, -1453977
1193677, -1847204
766397, 2282084
-2666591, 1099991
-1007155, -1756052
1207683, 149471
-881432, 1691746
-1857115, -510137
292367, -1017609
350264, 938591
-1350650, 578237
-643487, -812327
388872, 197525
-880283, 904916
-1330813, -487877
9677, -664946
-148531, 544847
-1220259, 84380
-559211, -776422
-13189, 52235
-993680, 290328
-964047, -685692
-177674, -267838
-1114146, 362851
-1638794, -885256
-381088, -823497
-1886302, 909458
-5520837, -2074101
-2668513, -8660330
5971663, -8137515
8445146, 12785
2822010, 3901983
-251208, 745214
1910392, -610344
2157230, 1613231
-51933, 1544265
231978, -217552
1539000, 494386
485758, 1589706
-407188, 489927
644335, -23990
769219, 1075921
-361282, 995227
-192363, 26160
449719, 320232
-33528, 587767
64019, -116804
1016715, 278039
483124, 1431156
-670450, 890103
-83677, -34674
544566, 719568
-383270, 1106817
-530277, 109193
470459, 259143
30009, 1218978
-760004, 502701
324224, -11344
622342, 1460959
-961952, 1482910
-104042, -43572
2085860, 2438889
-1680492, 6769245
-8863444, 3617412
-8368454, -5072252
-792918, -7416193
2502883, -2595953
-73481, -403793
-674261, -2283583
1313775, -2105551
1031526, -286763
-235509, -747832
622591, -1604332
1348423, -534816
387009, 3313
240210, -831014
1108584, -643180
853197, 223545
248006, 40715
444566, -83592
43600, 281289
-605022, -559363
483078, -1537158
1675519, -459480
752486, 651583
-3621, -211712
977027, -572058
1054016, 543054
-66595, 380647
379930, -644026
1250097, 101149
201940, 724454
-128060, -673723
1537207, -751958
1167984, 885157
-450499, -625159
2768665, -3178898
7695238, 1028385
4591200, 8638829
-3957993, 8412656
-6295177, 1504202
-2213479, -1300428
-729709, 852820
-2470699, 929551
-2069982, -917113
-548355, -541765
-1122910, 371906
-1707363, -576936
-674810, -1103207
-349911, -299701
-1001583, -384305
-655743, -1092535
18914, -832670
-24216, -541037
330402, -537751
538436, 473056
-938438, 1071416
-1952271, -554507
-503529, -1775368
537728, -620561
-493867, -48448
-608347, -1177818
623240, -1005442
230683, 162077
-745107, -505642
236542, -1240093
684823, 59952
-916095, 215012
-764529, -1518018
838460, -725362
-1322465, 968045
-4248638, -2890237
222889, -8355211
8102518, -5452929
8187098, 2775705
2028285, 5060368
-263961, 1672095
1557760, 819464
1248009, 2466338
-447266, 1952660
-26747, 728566
584994, 1391456
-409672, 1783360
-800821, 843550
-182415, 686805
-441103, 1170720
-1019381, 760818
-870931, 268543
-912942, 73180
-659335, -786202
954992, -835695
1520093, 1216455
-538068, 2264331
-1751067, 557206
-450130, -360612
-99165, 787029
-1339292, 654862
-945686, -646711
209035, -59970
-652181, 810931
-1219032, -381416
285603, -649374
260132, 1074580
-1455529, 658190
-189518, -870816
1597559, 1942538
-2804953, 5256506
-8736063, 672617
-6135970, -7309435
1609752, -7688675
3763627, -2331929
1009104, -577206
710249, -2142832
2274934, -1566560
1726671, -55573
808357, -498021
1541155, -851251
1799377, 141764
1005016, 433480
993946, 17825
1330086, 402417
945642, 871151
647900, 937993
138840, 1354916
-1260519, 827803
-1167305, -1381194
1394435, -1930776
2462850, 460035
590871, 1616045
-146578, 229728
1084324, 132364
708621, 1453256
-617844, 862515
140479, -223243
860112, 817486
-523652, 1196476
-608916, -466363
1163382, -246551
437710, 1385191
-1002853, -400242
2445522, -2312699
6151779, 2524439
1595967, 8827639
-6317061, 6594765
-6942739, -528909
-2406788, -2470001
-1196103, -275052
-2568273, -439464
-1836116, -1915052
-546699, -1388581
-1000668, -774991
-1144256, -1556818
-204446, -1731902
9775, -1128551
-200084, -1245628
255724, -1461623
628693, -1197744
1007655, -1120827
1848639, -243381
1047074, 1724989
-1731793, 1516109
-2279648, -1476906
344450, -2540563
1388189, -584443
-38697, -79395
137612, -1369490
1509068, -762576
745232, 540826
-218715, -372464
991188, -904961
1172332, 647173
-595568, 549440
-161198, -1198722
1335639, -116904
-1001506, 1239514
-3073963, -2801291
2073304, -6886073
8633046, -2486360
6802415, 5187593
410060, 5993273
-1245684, 2263320
473324, 1578376
-51591, 2806312
-1417685, 2017138
-950414, 982204
-625434, 1443887
-1429792, 1433839
-1565042, 600456
-1186655, 450281
-1411173, 468027
-1541071, 7401
-1499097, -275813
-1680883, -1054311
-401239, -2368903
2150391, -1310773
1858447, 1992623
-1474146, 2544501
-2497383, -215060
-525100, -1089349
-294356, 345303
-1622866, -110296
-806625, -1498262
423702, -585981
-631079, 209264
-952135, -1158595
737275, -1140437
455609, 672427
-1199864, -2415
282163, -1329411
1572690, 1572544
-2992367, 3835143
-7419399, -1487048
-3287636, -8171122
3988102, -6749756
4896303, -1164024
1928411, 151057
1725352, -1179418
2843171, -403536
2081405, 824420
1323097, 436818
1790964, 367845
1687015, 1161626
1011802, 1291972
917735, 1157759
772656, 1461000
386816, 1541166
198089, 1825501
-1052870, 2312068
-2885436, 619513
-1604415, -2510522
2156549, -2168659
2708705, 1402188
-94097, 2340920
-745144, 407512
673840, 479159
-51766, 1825387
-1417692, 828787
-380520, -278244
207069, 906189
-1302780, 1003522
-1090747, -783133
701991, -314050
-242405, 1187609
-1381186, -730491
2075099, -1983381
4548718, 3012966
-810188, 7724555
-7475438, 3951091
-6445410, -2785678
-1705733, -3715980
-764473, -1441550
-1790982, -1653766
-874615, -2680685
183753, -2012368
-117859, -1538289
21565, -2009585
765644, -1871822
916543, -1400404
1027082, -1356282
1368919, -1092252
1434376, -873715
2147377, -795314
2990623, 982085
896995, 3365884
-2784366, 1907676
-2421891, -2225244
1280631, -2762381
2086303, 411
233381, 381960
619947, -1004046
1960694, -31224
816735, 1270100
-119150, 129398
1183451, -221772
1055452, 1407291
-778596, 1010793
-115992, -694804
1181729, 549157
-1195193, 1497039
-2443880, -2478093
2871232, -5169041
7788571, 90876
4439345, 6591674
-1642264, 5913844
-2519015, 2024304
-852038, 1465133
-1394657, 2264720
-2335809, 1312425
-1807966, 452657
-1608141, 672628
-2075559, 384982
-1960286, -266200
-1727575, -453678
-1725483, -789950
-1397006, -1116606
-1448309, -1195572
-1509055, -2431877
826075, -3684970
3778473, -1224249
2195808, 2957811
-2207413, 2596819
-2704371, -1131834
-51974, -1754238
25181, -11322
-1314396, -708548
-127497, -2017050
1063924, -760382
-161462, -37780
-259508, -1445183
1458470, -1100279
888245, 724439
-665455, -141764
904915, -1199249
1674312, 1642693
-2759182, 2920572
-5657189, -2586737
-621132, -7613613
5574280, -4728833
5193994, 611747
2125421, 1370473
1931375, 213845
2569224, 989441
1673825, 1839283
1034414, 1478680
1183974, 1525566
816072, 1975768
302096, 1931282
70615, 1957604
-453145, 1984200
-695166, 1651693
-805958, 2081587
-2645894, 2321730
-4358534, -576727
-1583303, -4094772
3025439, -2442593
2677701, 2118459
-977126, 2540988
-1369718, 55350
244524, 302912
-743620, 1583489
-1988723, 224210
-653016, -812584
-177105, 480419
-1672391, 321264
-1127114, -1446799
626852, -713020
-455381, 630907
-1251781, -1286508
2040810, -1901135
3376930, 2907043
-2188154, 5983411
-7216337, 1279946
-4810476, -4481535
-263531, -4334827
328520, -2029456
-418842, -2160316
487534, -2687339
1232523, -1925062
1047891, -1516555
1297044, -1609660
1709939, -1232496
1773693, -896858
2061197, -620579
2093647, 33973
1818884, 107791
2736052, 254921
3205638, 2758910
-234704, 4972098
-4293078, 1950753
-2623171, -2990567
1978538, -2656087
2286840, 835836
8678, 959172
585179, -515986
1792959, 729353
306714, 1876545
-533248, 492917
811871, 285973
403603, 1847206
-1368060, 1122717
-479128, -497643
607438, 813700
-1666983, 1344538
-2159068, -2362879
2920648, -3777294
6129056, 1710939
1845902, 6626294
-3372546, 4690261
-3392259, 954855
-1769163, 558913
-2164914, 995358
-2617320, 59067
-2044577, -564795
-1862940, -548878
-1912698, -941619
-1595056, -1291236
-1471248, -1488238
-1152855, -2018042
-438492, -2021903
-628903, -1861369
-457294, -3368705
2746126, -4123884
5486981, -189287
2297757, 4359230
-2865100, 2716501
-2532140, -1810217
722670, -1961988
548421, 82825
-782895, -810070
675093, -1928954
1687981, -362015
283110, 245229
355134, -1137080
1954364, -498128
1074942, 1224740
-352204, 185972
1199637, -609345
1475686, 2018396
-2588869, 2423539
-4089795, -2810222
1193917, -6088525
5882923, -2289425
4387749, 2302193
1448815, 2424224
1257225, 1386017
1473052, 1971998
599520, 2372064
111885, 2023864
-21936, 2049264
-489093, 2064863
-745975, 1868087
-1088185, 1977648
-1820437, 1619541
-1746412, 926497
-1746295, 1486528
-3934128, 1318077
-5032423, -2591534
-674941, -5868367
4289283, -2594057
2707423, 2668085
-1635970, 2314099
-1590852, -646386
208264, -160648
-972976, 1024983
-1983401, -593207
-379852, -1435957
-32484, -32484
-1435957, -379851
-593207, -1983401
1024983, -972975
-160648, 208264
-646385, -1590851
2314099, -1635969
2668084, 2707424
-2594057, 4289283
-5868367, -674940
-2591534, -5032421
1318078, -3934128
1486529, -1746294
926497, -1746412
1619541, -1820437
1977648, -1088185
1868087, -745975
2064863, -489093
2049264, -21936
2023865, 111885
2372065, 599520
1971998, 1473054
1386017, 1257225
2424224, 1448815
2302193, 4387749
-2289425, 5882924
-6088525, 1193917
-2810222, -4089794
2423539, -2588869
2018396, 1475686
-609345, 1199638
185972, -352204
1224740, 1074942
-498129, 1954365
-1137081, 355135
245230, 283111
-362015, 1687982
-1928954, 675093
-810070, -782894
82826, 548421
-1961988, 722671
-1810217, -2532140
2716501, -2865100
4359230, 2297757
-189287, 5486982
-4123884, 2746126
-3368705, -457294
-1861370, -628902
-2021902, -438491
-2018042, -1152854
-1488239, -1471248
-1291236, -1595054
-941620, -1912698
-548878, -1862939
-564795, -2044577
59067, -2617320
995358, -2164913
558913, -1769162
954856, -3392259
4690261, -3372545
6626294, 1845903
1710939, 6129057
-3777295, 2920649
-2362879, -2159068
1344538, -1666983
813701, 607439
-497643, -479127
1122717, -1368060
1847206, 403603
285974, 811872
492917, -533246
1876545, 306715
729353, 1792960
-515986, 585180
959173, 8678
835836, 2286841
-2656087, 1978539
-2990567, -2623170
1950753, -4293078
4972098, -234703
2758910, 3205638
254920, 2736053
107791, 1818885
33974, 2093648
-620579, 2061198
-896857, 1773694
-1232495, 1709939
-1609660, 1297045
-1516554, 1047891
-1925061, 1232524
-2687338, 487535
-2160316, -418841
-2029456, 328520
-4334827, -263530
-4481534, -4810476
1279946, -7216337
5983411, -2188153
2907043, 3376931
-1901135, 2040810
-1286507, -1251780
630907, -455380
-713021, 626853
-1446799, -1127113
321264, -1672389
480419, -177104
-812584, -653015
224211, -1988722
1583488, -743619
302913, 244525
55350, -1369718
2540988, -977126
2118459, 2677702
-2442592, 3025440
-4094772, -1583303
-576727, -4358534
2321730, -2645893
2081587, -805957
1651693, -695165
1984201, -453144
1957603, 70616
1931282, 302096
1975768, 816073
1525566, 1183974
1478680, 1034415
1839282, 1673825
989441, 2569224
213845, 1931375
1370473, 2125421
611747, 5193994
-4728833, 5574281
-7613613, -621131
-2586736, -5657187
2920572, -2759181
1642693, 1674313
-1199249, 904916
-141763, -665455
724440, 888245
-1100280, 1458471
-1445182, -259507
-37780, -161461
-760382, 1063925
-2017050, -127496
-708548, -1314395
-11322, 25181
-1754237, -51973
-1131835, -2704370
2596819, -2207412
2957812, 2195809
-1224249, 3778474
-3684970, 826076
-2431876, -1509055
-1195572, -1448308
-1116607, -1397005
-789951, -1725482
-453678, -1727575
-266200, -1960285
384982, -2075558
672628, -1608140
452657, -1807965
1312425, -2335809
2264721, -1394657
1465134, -852038
2024305, -2519014
5913844, -1642263
6591674, 4439346
90876, 7788572
-5169041, 2871232
-2478093, -2443879
1497039, -1195193
549156, 1181730
-694804, -115991
1010795, -778595
1407291, 1055453
-221772, 1183452
129399, -119148
1270100, 816736
-31224, 1960695
-1004045, 619948
381961, 233381
412, 2086304
-2762381, 1280632
-2225243, -2421890
1907677, -2784366
3365884, 896996
982086, 2990624
-795315, 2147377
-873715, 1434377
-1092252, 1368920
-1356281, 1027083
-1400404, 916543
-1871821, 765644
-2009584, 21566
-1538289, -117859
-2012368, 183754
-2680684, -874614
-1653766, -1790982
-1441550, -764472
-3715980, -1705732
-2785677, -6445408
3951091, -7475437
7724555, -810187
3012966, 4548719
-1983380, 2075100
-730491, -1381185
1187610, -242405
-314050, 701991
-783133, -1090746
1003523, -1302780
906189, 207070
-278244, -380519
828787, -1417691
1825386, -51764
479160, 673841
407513, -745142
2340920, -94095
1402188, 2708706
-2168659, 2156550
-2510522, -1604415
619513, -2885435
2312068, -1052869
1825502, 198090
1541166, 386818
1460999, 772657
1157760, 917736
1291972, 1011803
1161627, 1687016
367845, 1790965
436818, 1323098
824420, 2081406
-403536, 2843172
-1179417, 1725353
151057, 1928412
-1164023, 4896304
-6749755, 3988102
-8171122, -3287635
-1487048, -7419398
3835144, -2992366
1572545, 1572690
-1329410, 282164
-2415, -1199863
672427, 455610
-1140437, 737275
-1158595, -952135
209265, -631078
-585982, 423703
-1498262, -806625
-110296, -1622865
345303, -294355
-1089349, -525099
-215061, -2497382
2544501, -1474145
1992624, 1858448
-1310773, 2150392
-2368902, -401239
-1054310, -1680883
-275814, -1499097
7401, -1541070
468029, -1411172
450282, -1186654
600457, -1565042
1433840, -1429791
1443888, -625434
982204, -950413
2017138, -1417684
2806313, -51590
1578376, 473324
2263321, -1245684
5993274, 410060
5187594, 6802416
-2486359, 8633046
-6886072, 2073304
-2801290, -3073962
1239515, -1001505
-116903, 1335640
-1198722, -161198
549442, -595568
647173, 1172333
-904961, 991189
-372463, -218715
540827, 745232
-762575, 1509069
-1369490, 137613
-79394, -38697
-584442, 1388190
-2540562, 344451
-1476905, -2279647
1516109, -1731792
1724990, 1047075
-243381, 1848640
-1120826, 1007656
-1197743, 628693
-1461623, 255725
-1245627, -200082
-1128551, 9775
-1731900, -204446
-1556816, -1144255
-774990, -1000667
-1388580, -546699
-1915051, -1836114
-439464, -2568272
-275051, -1196101
-2470000, -2406787
-528908, -6942738
6594767, -6317061
8827639, 1595967
2524441, 6151780
-2312698, 2445523
-400240, -1002852
1385192, 437710
-246550, 1163383
-466363, -608916
1196477, -523651
817486, 860113
-223242, 140479
862516, -617843
1453256, 708622
132365, 1084325
229730, -146578
1616046, 590872
460035, 2462850
-1930775, 1394436
-1381193, -1167304
827804, -1260519
1354918, 138840
937993, 647901
871151, 945642
402418, 1330087
17827, 993947
433481, 1005016
141765, 1799379
-851249, 1541156
-498020, 808359
-55573, 1726672
-1566559, 2274935
-2142830, 710250
-577205, 1009106
-2331928, 3763628
-7688675, 1609753
-7309434, -6135970
672617, -8736062
5256507, -2804952
1942539, 1597559
-870815, -189517
658191, -1455528
1074582, 260133
-649374, 285604
-381415, -1219031
810932, -652180
-59969, 209036
-646711, -945684
654862, -1339292
787030, -99164
-360611, -450130
557207, -1751066
2264332, -538067
1216455, 1520094
-835694, 954993
-786201, -659334
73181, -912941
268543, -870929
760819, -1019379
1170721, -441102
686806, -182414
843551, -800821
1783360, -409671
1391456, 584995
728566, -26746
1952660, -447264
2466339, 1248010
819466, 1557761
1672094, -263959
5060368, 2028286
2775706, 8187099
-5452928, 8102519
-8355211, 222889
-2890236, -4248637
968046, -1322465
-725362, 838461
-1518018, -764528
215012, -916094
59953, 684825
-1240093, 236543
-505642, -745107
162078, 230683
-1005441, 623241
-1177816, -608346
-48447, -493866
-620559, 537728
-1775367, -503528
-554505, -1952270
1071418, -938438
473057, 538437
-537750, 330403
-541036, -24215
-832668, 18914
-1092534, -655742
-384304, -1001582
-299700, -349910
-1103205, -674809
-576934, -1707363
371907, -1122909
-541764, -548354
-917112, -2069980
929553, -2470699
852821, -729709
-1300427, -2213478
1504203, -6295177
8412658, -3957992
8638830, 4591201
1028387, 7695240
-3178897, 2768666
-625157, -450497
885158, 1167985
-751956, 1537208
-673721, -128060
724456, 201941
101151, 1250098
-644023, 379931
380649, -66595
543056, 1054017
-572056, 977028
-211710, -3620
651586, 752486
-459478, 1675520
-1537156, 483078
-559361, -605021
281290, 43601
-83590, 444568
40716, 248007
223546, 853198
-643179, 1108585
-831013, 240212
3315, 387010
-534814, 1348425
-1604330, 622592
-747830, -235508
-286762, 1031528
-2105549, 1313776
-2283581, -674260
-403792, -73480
-2595951, 2502884
-7416192, -792917
-5072250, -8368453
3617413, -8863443
6769247, -1680491
2438891, 2085860
-43570, -104041
1482911, -961951
1460961, 622343
-11342, 324225
502702, -760003
1218980, 30010
259145, 470460
109195, -530276
1106819, -383269
719570, 544568
-34672, -83676
890105, -670448
1431159, 483125
278041, 1016716
-116801, 64020
587769, -33527
320235, 449721
26162, -192362
995229, -361281
1075923, 769221
-23987, 644336
489929, -407186
1589709, 485760
494388, 1539001
-217550, 231980
1544268, -51932
1613233, 2157232
-610342, 1910392
745216, -251207
3901985, 2822011
12787, 8445148
-8137513, 5971664
-8660328, -2668511
-2074099, -5520835
909460, -1886300
-823495, -381086
-885254, -1638792
362854, -1114144
-267835, -177672
-685688, -964045
290331, -993679
52238, -13188
-776419, -559209
84383, -1220257
544850, -148529
-664943, 9679
-487874, -1330811
904919, -880282
197529, 388874
-812324, -643485
578239, -1350648
938594, 350265
-1017605, 292368
-510133, -1857114
1691750, -881430
149474, 1207685
-1756048, -1007153
1099994, -2666588
2282088, 766399
-1847200, 1193678
-1453974, -3776255
4183153, -2454426
1186930, 3734620
-6589355, -1994238
1564958, -13715570
18978165, -6014317
