2208058, -1002766
2175767, 549748
844506, 219949
1725114, -857984
2583856, 464050
903498, 596058
2051820, -2278531
7476837, -608929
7413702, 7413753
-1084690, 10432186
-6240994, 4045648
-2624313, -768302
304037, 1499174
-2094024, 2931881
-3047980, 277260
-720756, -429558
-599978, 1457494
-2382630, 1002571
-1747652, -722779
-383504, -55143
-1277197, 855622
-1976243, -295484
-845412, -906936
-486278, 17888
-1298173, 19879
-1084204, -749366
-488512, -438317
-970915, -100371
-1180869, -783514
-486524, -975761
-414690, -456832
-785823, -626658
-448934, -932582
-272994, -570629
-628010, -632665
-319196, -965044
-104409, -396997
-986323, -342932
-852225, -1425747
251605, -698832
-1810824, 881749
-5245843, -2555420
-2006135, -8960010
6561777, -8206024
9094354, -84480
3618213, 4118356
160938, 1247148
2048950, -471872
2717210, 1587616
625253, 2051566
358309, 415167
1616575, 650694
1017854, 1866471
-108522, 1281122
427176, 527843
820861, 1232617
-31368, 1552455
-382022, 847996
1163, 628751
-20616, 753889
58798, 540511
457114, 847871
19496, 1485962
-742282, 1126083
-496615, 530751
-217986, 854564
-738115, 926137
-713118, 331512
-202198, 523857
-660936, 924793
-941606, 202143
39308, 112193
-90624, 1341154
-1394977, 882724
-81916, -415252
1908104, 2421165
-2132828, 6558509
-9202073, 3202021
-8676677, -5501388
-1063375, -8082872
2656862, -3341584
255969, -710492
-750337, -2461539
1210151, -2740488
1459376, -923978
199350, -879778
639011, -1817215
1595711, -1150778
1082662, -309355
646850, -726653
1229494, -861376
1419186, -184015
1005718, 161661
709829, 216991
246353, 144951
61000, -624487
1037793, -1103837
1802127, -144400
1092732, 662384
597993, 159297
1161490, 84011
1001688, 820893
261277, 564956
696723, 6367
1054199, 736974
34838, 914983
73002, -341583
1476366, -31302
666609, 1336203
-748001, -580327
2779513, -2963601
7556882, 1481907
4289804, 9038167
-4324928, 8834675
-6940117, 1862655
-2920859, -1368086
-1026236, 645742
-2693182, 1100040
-2729047, -766408
-1179652, -890920
-1299070, 44840
-2001279, -536019
-1334145, -1321223
-700709, -928293
-987392, -728937
-967010, -1206276
-445109, -1396784
29654, -1277807
546775, -808878
345304, 248452
-1060145, 409589
-1615136, -1121948
-269036, -1970828
520916, -1024781
-159514, -678844
-17105, -1418685
872856, -1045279
422880, -229681
-109777, -867401
854018, -1122741
900805, 144027
-548707, -33478
-27263, -1504895
1327081, -284587
-1222062, 1238676
-4014680, -2908244
677728, -8265255
8547455, -5221213
8681201, 3105668
2447672, 5682750
-255564, 2353400
1444720, 1126693
1477588, 2732159
-264941, 2629268
-313883, 1364033
331054, 1614078
-337316, 2140945
-999749, 1536390
-764718, 1074787
-750515, 1229872
-1135690, 1142236
-1439819, 780400
-1649745, 74771
-951482, -947350
710297, -611229
861102, 1379766
-1124000, 2000059
-2006979, 375932
-904548, -329321
-755755, 478856
-1631549, 106378
-1058955, -885733
-231237, -264844
-1051845, 181385
-1164507, -995678
308496, -894985
-23477, 673118
-1479457, -103312
211864, -1403579
1862211, 1790515
-2815246, 5006933
-8672915, 217589
-5948454, -7785552
1914779, -8231695
4366512, -2797298
1672656, -650148
1035216, -2105061
2581795, -1838323
2420256, -260175
1452544, -259132
1807519, -651186
2211516, 50354
1727314, 621692
1415026, 567868
1450504, 688874
1386654, 994009
1203720, 1518295
186789, 2104802
-1383269, 1148606
-925242, -1115257
1587260, -1271189
2253717, 1065573
447141, 1924618
-107987, 726773
793914, 813655
189255, 1791337
-855005, 1037344
-80431, 257459
229096, 1249450
-1142455, 1193323
-884979, -440250
727449, 66037
-353604, 1438719
-1583074, -774980
2242604, -2582489
5884555, 2516298
1140557, 8773287
-6813240, 6432857
-7518800, -817534
-2907399, -3057181
-1323164, -927008
-2591671, -784856
-2139492, -2260509
-766866, -2099507
-799160, -1430240
-985198, -1863302
-307359, -2192471
193865, -1877630
327678, -1695156
525700, -1633825
759237, -1692158
1604077, -1718861
2620518, -331566
1401638, 1819815
-1442186, 1265144
-1615384, -1689400
969814, -2372371
1742711, -467220
495736, -120541
842244, -1090187
1887705, -262606
972700, 781370
296956, -133396
1450933, -267252
1211692, 1275009
-528428, 855285
176874, -728274
1414016, 707916
-1357381, 1869247
-3354969, -2546587
2038926, -6596968
8572597, -2028924
6650942, 5695862
130323, 6590703
-1821417, 2790616
-172214, 1750273
-418923, 2879385
-1799627, 2344016
-1679163, 1212381
-1292974, 1270709
-1772921, 1306078
-2069179, 709237
-1960132, 264921
-1884400, -45091
-1756851, -250042
-2042195, -413802
-2320130, -1669722
-525600, -3168842
2224214, -1702915
1604465, 1676549
-1698221, 1871459
-2358323, -860344
-425672, -1484301
-334082, -222386
-1348996, -836751
-318557, -1912567
671270, -858784
-372417, -336909
-303972, -1642037
1376758, -1215080
789879, 570374
-695547, -363593
1142427, -1429459
2252929, 1914011
-2684335, 4130290
-7103247, -1421122
-2825183, -8092352
4503133, -6595665
5506276, -885862
2475132, 720118
1933677, -535609
2956005, -13128
2425005, 1241209
1558255, 1183856
1638337, 1048328
1582381, 1538174
1121492, 1835596
725853, 1952940
267856, 1952703
139719, 1792818
53989, 2413157
-1688664, 2991890
-3717494, 777243
-2036846, -2567800
1810979, -1915541
2022591, 1631080
-759582, 2220756
-1175827, 318417
76382, 514042
-798540, 1552037
-1863144, 346355
-692204, -535619
-365556, 626821
-1805946, 342046
-1194091, -1435861
570304, -674696
-624708, 650979
-1500787, -1626608
2404506, -2713940
4858548, 2650264
-709540, 7375818
-7368406, 3479756
-6277513, -3304163
-1422369, -4331925
-197164, -2001927
-1144151, -1891136
-459911, -2824491
634095, -2366681
647991, -1773956
715668, -1870461
1172865, -1783073
1496048, -1506420
1841534, -1153100
1874076, -590007
1714295, -634903
2775057, -646847
3709892, 1638154
1086171, 4232217
-2827888, 2382132
-2172018, -1847420
1508995, -2058948
1976284, 686834
147978, 844655
646748, -379760
1683289, 734507
334296, 1742558
-388932, 474090
882415, 373382
378290, 1926361
-1445642, 1136789
-500924, -538525
614939, 950300
-2126121, 1634333
-3223263, -2796510
2453108, -5492373
7401965, -45753
3954590, 6448726
-2162748, 5722580
-3136324, 1729243
-1421498, 894412
-1654689, 1610041
-2502834, 871825
-2167536, -30600
-1839957, -112849
-1943436, -323475
-1880733, -701841
-1825302, -1066109
-1505919, -1621205
-891585, -1629937
-1215881, -1496042
-1358168, -3094566
1501418, -4442012
4679790, -1443107
2712953, 2989246
-1794948, 2351442
-1979562, -1355438
656371, -1646619
516779, 76316
-665658, -724133
655928, -1731266
1559663, -272777
210839, 246951
354348, -1121341
1989369, -405244
1030850, 1406564
-489741, 265139
1322269, -604978
1827405, 2606250
-3066949, 3746117
-5991654, -2113446
-793264, -7184426
5389769, -4225869
4971418, 1133954
1812810, 1986033
1352140, 788989
1901868, 1266716
1205422, 2022700
518451, 1838652
377792, 1749588
92257, 1844635
-160305, 1854590
-572326, 2042393
-1299082, 1742916
-1211573, 1137130
-1119155, 1853233
-3337891, 2170221
-5150892, -1269682
-1829998, -5030537
3045914, -3002117
2437180, 1669572
-1192686, 1790968
-1257875, -676210
339834, -215229
-744995, 912322
-1690444, -575839
-155233, -1328060
125110, 85535
-1324491, -307564
-412022, -1985631
1325035, -866213
-28570, 441259
-632983, -1716759
3033850, -2067637
4244648, 3204503
-1661196, 6326045
-6740901, 1485803
-4284767, -4251798
261137, -4074658
940624, -1694161
159668, -1567682
777450, -2002539
1426286, -1426910
1403934, -967723
1509699, -781381
1574278, -492047
1694026, -408803
2128399, 51228
1825076, 892939
1288762, 622465
2508902, 572975
3054751, 3473851
-943348, 5796252
-5261842, 2222893
-3223692, -3001052
1492252, -2420195
1508235, 1040915
-747291, 837335
42644, -623664
1100920, 713903
-509234, 1561808
-1065343, -19865
399092, -36267
-236750, 1473905
-1910980, 385175
-636965, -1213087
409620, 368697
-2106117, 704092
-2335809, -3381776
3208503, -4682229
6476642, 1133152
2082713, 6102105
-3095421, 4137761
-3089782, 426820
-1407250, -48833
-1554548, 414775
-1910445, -239922
-1514555, -763683
-1280935, -897404
-1060688, -1139988
-836268, -1146141
-957995, -1400078
-453172, -2063243
432702, -1720258
-120128, -1308586
-142212, -3138802
3476934, -3974144
6338459, 533225
2592138, 5358834
-2866714, 3355706
-2300365, -1286383
915510, -1151912
411490, 864357
-907101, -244963
640411, -1217335
1353049, 469340
-249341, 791177
10303, -710705
1554086, 150551
312281, 1768159
-1086609, 342502
737594, -409499
816270, 2461516
-3629597, 2606354
-5025952, -3089880
569449, -6437959
5308851, -2553790
3805303, 1976797
916485, 2076127
654166, 994544
891046, 1340184
294437, 1638870
-87604, 1460152
-359912, 1433785
-670882, 1187464
-587058, 1089058
-986616, 1439276
-1839440, 892161
-1405804, 43201
-1163389, 987251
-3696866, 1013517
-4883512, -3330905
59964, -6741769
5317291, -2906596
3382173, 2662520
-1075255, 2085807
-747017, -825674
1016270, -4280
-387023, 1169360
-1253264, -537393
466538, -1077272
524626, 524040
-1000008, -10110
61028, -1554549
1565601, -182215
-11198, 963760
-450658, -1112427
2755864, -959625
2851821, 3766193
-2868093, 5250080
-6217103, -9306
-2879759, -4408677
944443, -3319528
1090709, -1209157
503778, -1148166
963422, -1236866
1214187, -779213
1268824, -550008
1415757, -164221
1144874, 141378
1222633, -64597
1808316, 480241
1216666, 1462332
489673, 872062
1937012, 827699
2015286, 4137408
-3029660, 5733493
-6977679, 447342
-3135693, -5143850
2413258, -3295437
1793154, 879661
-774029, 320433
366005, -1187147
1392516, 470441
-419662, 1206889
-751608, -506578
830428, -283012
35338, 1246478
-1470056, 18003
11625, -1317770
861939, 411477
-1467061, 537448
-1118353, -2966536
3789729, -3043550
5337714, 2569869
511005, 5833479
-3452262, 3054685
-2721095, -36099
-1319648, -184315
-1428882, 16285
-1433003, -470331
-1177545, -674440
-1102461, -959410
-631669, -1230472
-405059, -930195
-761927, -1219223
-81468, -2027989
952213, -1380786
123991, -857898
287268, -2918616
4420412, -3109707
6474000, 2579539
952549, 7027254
-4855352, 3252886
-3097083, -2147442
715471, -1444721
-101946, 756432
-1359588, -686727
501993, -1562106
1083525, 301401
-590951, 396627
-79710, -1151192
1433176, -120038
71415, 1302736
-1042743, -270806
840029, -797039
667143, 1774941
-3077220, 1271678
-3156708, -3708313
2226276, -5282411
5315843, -962137
3084758, 2489014
723050, 2055740
601593, 1273967
520415, 1506707
89638, 1474353
-63924, 1463224
-559895, 1532092
-895382, 1003782
-554493, 924169
-1073955, 1453023
-2072407, 652197
-1346407, -341500
-1100419, 817676
-3875085, 458890
-4248405, -4513901
1999734, -7057787
6883587, -1416687
3238764, 4477577
-1892622, 2798292
-1067685, -592624
763035, 497276
-952240, 1515426
-1669962, -493096
194569, -894003
32641, 714980
-1467373, -76479
-233561, -1547391
1061091, -86650
-590649, 761179
-780167, -1273270
2011101, -830888
1396395, 3079560
-3537802, 3171356
-5088035, -1868784
-1323208, -4700129
1564013, -2986600
1370051, -1320558
1106100, -1238280
1404920, -970076
1369006, -667824
1623219, -569267
1812919, 106768
1250446, 439613
1375161, 42605
2085402, 795636
1180613, 1929237
325950, 1086865
1917342, 1175066
1397141, 4747475
-4398051, 5375681
-7444748, -1320595
-1799773, -6552430
4043486, -3082308
2419116, 1674562
-513409, 690597
848148, -779175
1638698, 1163564
-456659, 1713408
-653772, -108050
869693, 321518
-182637, 1759928
-1582096, 362636
-54228, -759448
493679, 959477
-1685244, 816754
-1013567, -2155388
2973824, -1469092
3075172, 3300702
-1527862, 4769608
-4026478, 1582925
-2785848, -714928
-1756930, -708083
-1709341, -854733
-1335569, -1156595
-1220280, -1137498
-1178172, -1657256
-360361, -1932471
-98926, -1352988
-568570, -1724616
406590, -2609834
1601239, -1614240
589712, -998335
1048376, -3126064
5478860, -2498724
6431813, 4066543
-582265, 7604819
-6052673, 2065190
-2783736, -3589755
1512969, -1986345
341113, 473019
-788125, -1143270
1327394, -1717384
1697312, 406762
-45411, 381515
650175, -1041722
2011498, 241255
491965, 1537092
-416946, -30136
1360161, -258814
905667, 2049502
-2193401, 1195450
-1469023, -2769130
3023082, -2864511
4349174, 1228183
1740370, 3335174
30144, 2513940
-107993, 2043920
-558802, 2012068
-801696, 1599064
-809680, 1710831
-1577191, 1720302
-1892112, 801476
-1305209, 676740
-1949044, 1233547
-2985283, 59000
-1903754, -1106934
-1620147, 141134
-4384161, -699725
-3720729, -6019582
3528729, -7357927
7521290, -168288
2183003, 5414943
-3154616, 2353576
-1532425, -1421109
460197, -43007
-1378830, 772476
-1744914, -1454882
355394, -1631359
96499, 6075
-1215962, -942090
259743, -2209585
1419274, -608452
-165007, 55682
-70868, -1770223
2341321, -1039175
1355124, 2119410
-2482228, 1380360
-2544550, -2732748
989300, -3856115
2664188, -1803272
2204857, -653340
2201565, -400606
2156300, 255138
1753396, 382853
2113190, 421627
2161533, 1405004
1180651, 1706609
1249097, 1115084
1901196, 2038110
557390, 3181817
-479482, 2008261
1084537, 2136251
-123291, 5625321
-6330205, 5009183
-8099655, -2808231
-880809, -7192349
4678824, -2132806
1813645, 2772866
-1403000, 1091011
185624, -458355
717065, 1558569
-1559894, 1720361
-1530253, -311470
-15833, 182690
-1191547, 1376569
-2346572, -249092
-700475, -1241839
-301764, 341971
-2164578, -61372
-1203221, -2541021
1935687, -1470347
1194498, 2135538
-2455983, 2129545
-3322685, -822202
-1786937, -2045758
-1148183, -1891870
-798073, -2256890
-24538, -2161948
-57742, -1802954
12321, -2412263
1169651, -2478608
1402399, -1469201
803174, -1773452
1993911, -2519595
3184054, -1039279
1898173, -235686
2496411, -2202406
6781384, -669918
6302185, 6386081
-1942975, 8612035
-6632081, 1506447
-1905474, -3891620
2474649, -1194116
695151, 1454741
-448430, -334607
1691994, -611104
1650328, 1657053
-280556, 1411723
440882, 29389
1509368, 1398865
-222992, 2421790
-1023817, 761159
546556, 633892
-136326, 2517205
-2635064, 1379149
-1522318, -1653800
1755351, -910246
1640496, 2215026
-730408, 2782004
-1505106, 1711629
-1605047, 1517027
-2239695, 1075520
-2057224, 256202
-1761841, 481636
-2604138, 380173
-2660082, -904306
-1647991, -1015386
-2213480, -402579
-3039555, -1833462
-1453209, -2992357
-983302, -1559020
-3442191, -2659976
-1652461, -7786761
6178988, -7533371
8863671, 981915
2000829, 5869674
-3102456, 1506041
-532000, -2281168
1564220, -373369
-402023, 410942
-449307, -1793860
1759527, -1545867
1294670, 263427
45940, -666504
1569311, -1603423
2441032, 195293
788761, 787651
922776, -759188
2803686, 159298
1545291, 2619056
-1293491, 1496888
-535998, -1369240
2026662, -1103461
2264192, 709950
1599986, 1058595
1771334, 1367658
1234365, 2180416
423190, 1875228
856281, 1650737
721738, 2695104
-643358, 2707321
-586863, 1709150
46044, 2541593
-1584358, 3419867
-2624278, 1750895
-993930, 1703055
-2599167, 4738943
-8584067, 2781396
-8638220, -5718733
-19066, -8839874
4948377, -2329235
951338, 2360136
-2204537, -132999
-146726, -1713805
329240, 394421
-1881623, 232698
-1423001, -1878418
257826, -1197073
-852628, -77451
-1652916, -1712182
178532, -2418121
559214, -787830
-956102, -1155594
142599, -3004586
2498551, -1679984
1387724, 881390
-1003465, 88189
-547121, -1901026
752583, -1794180
714125, -1472542
1195862, -1927481
2107658, -1285046
1651830, -517113
1494845, -1156489
2700035, -985543
2634598, 418232
1656917, 162560
2740439, -495448
3629906, 1284816
1891050, 2113314
2332636, 225140
6019076, 2301993
4001130, 9127079
-5032537, 9560385
-8545943, 1001107
-2470111, -3922506
1708069, -270581
-762638, 2246309
-1883470, 26677
325423, -192702
-30519, 1973423
-2022834, 1300310
-1135270, -259603
-133867, 997132
-1840465, 1658205
-2373547, -183986
-768592, -365701
-1324878, 1111842
-3107583, -104489
-1764304, -2291379
449770, -1198912
-408320, 679677
-1841137, -1221
-1389155, -847906
-1344884, -471913
-2005533, -1096754
-1245626, -2047671
-533992, -1423434
-1362708, -1319662
-1153404, -2639010
256957, -2468338
-209667, -1506439
-895287, -2802416
978782, -3652274
1509703, -1845191
-704225, -2811690
1773733, -7203439
9386412, -5247068
10256167, 4165631
1907815, 8010052
-2854830, 2418939
497907, -1181155
2400570, 1326165
12647, 2057485
-398, -213417
2087097, 327060
1196910, 2202214
-268302, 1124859
1099366, 221010
1626296, 1969620
-221783, 2337616
-238755, 746953
1198982, 1428160
-67851, 3110990
-2030501, 1785570
-949454, -36613
414172, 921411
-520592, 1845700
-992420, 1055687
-327952, 1219908
-1067924, 2023805
-2025651, 1138428
-1228789, 468365
-1147536, 1456348
-2534584, 1216139
-2247906, -183417
-1283795, 475866
-2725193, 1192263
-3484284, -712349
-1600494, -880786
-3081124, 1725169
-8205849, -1037889
-6450197, -9352080
3177812, -10708424
7291462, -2695172
2194669, 1816116
-803018, -1311372
1810135, -2659622
2237732, -88621
-76580, -231669
641283, -2239325
2438052, -1130458
1188802, 297397
337554, -1152534
2120336, -1572451
2358814, 307407
743950, 226700
1463169, -1188336
3032196, 60489
1747022, 1779014
308128, 687665
1407348, -214753
1916504, 1006085
784800, 1212025
1068564, 283372
1993343, 1096344
989184, 2080705
292182, 1125279
1396408, 989191
1172734, 2404696
-226330, 2040291
545341, 1025204
1317181, 2491637
-530581, 3136756
-333642, 1175108
2710333, 3066731
-138240, 8909268
-9034605, 7544125
-10963855, -2149618
-3354497, -6526654
895897, -1870146
-2134151, 584304
-3051209, -2259943
-211654, -2511732
-433439, -86518
-2458671, -964601
-1123488, -2831829
438343, -1411478
-1099506, -466217
-1530827, -2342521
508080, -2583796
499065, -796467
-1014946, -1390038
121030, -2955536
1747088, -1723954
612368, -458073
-73147, -1759652
1532572, -2116505
1753800, -515759
429242, -655479
1131299, -1863670
2409605, -843032
1390649, 265155
792126, -842239
2208058, -1002766
2175767, 549748
844506, 219949
1725114, -857984
2583856, 464050
903498, 596058
2051820, -2278531
7476837, -608929
